1699281284.000000, IBI
123.734375,1.031250
345.671875,0.562500
346.218750,0.546875
346.765625,0.546875
347.312500,0.546875
350.578125,0.546875
351.140625,0.562500
358.421875,0.546875
358.953125,0.531250
359.531250,0.578125
360.078125,0.546875
360.656250,0.578125
361.187500,0.531250
361.734375,0.546875
366.812500,0.593750
367.375000,0.562500
367.937500,0.562500
368.500000,0.562500
369.062500,0.562500
377.140625,0.562500
377.609375,0.468750
454.671875,0.562500
455.218750,0.546875
455.750000,0.531250
456.296875,0.546875
456.859375,0.562500
457.390625,0.531250
457.921875,0.531250
458.468750,0.546875
459.015625,0.546875
459.562500,0.546875
460.093750,0.531250
460.640625,0.546875
461.187500,0.546875
473.515625,0.531250
474.046875,0.531250
474.578125,0.531250
475.109375,0.531250
475.671875,0.562500
476.234375,0.562500
476.781250,0.546875
477.312500,0.531250
477.859375,0.546875
478.390625,0.531250
478.921875,0.531250
479.468750,0.546875
480.015625,0.546875
480.546875,0.531250
481.078125,0.531250
481.625000,0.546875
482.203125,0.578125
482.750000,0.546875
483.343750,0.593750
484.062500,0.718750
484.796875,0.734375
485.421875,0.625000
486.031250,0.609375
486.671875,0.640625
487.281250,0.609375
487.875000,0.593750
488.484375,0.609375
489.125000,0.640625
489.718750,0.593750
490.312500,0.593750
490.921875,0.609375
491.515625,0.593750
492.109375,0.593750
492.687500,0.578125
493.312500,0.625000
499.203125,0.562500
499.750000,0.546875
500.343750,0.593750
500.937500,0.593750
501.500000,0.562500
502.078125,0.578125
502.656250,0.578125
503.234375,0.578125
503.796875,0.562500
602.281250,0.578125
602.828125,0.546875
603.421875,0.593750
604.000000,0.578125
604.578125,0.578125
605.156250,0.578125
605.687500,0.531250
699.953125,0.484375
700.437500,0.484375
708.281250,0.500000
708.765625,0.484375
709.265625,0.500000
709.750000,0.484375
713.687500,0.515625
714.171875,0.484375
714.656250,0.484375
748.265625,0.562500
748.828125,0.562500
895.625000,0.468750
896.109375,0.484375
915.125000,0.468750
1001.531250,0.500000
1002.046875,0.515625
1002.578125,0.531250
1003.062500,0.484375
1003.593750,0.531250
1004.125000,0.531250
1017.703125,0.515625
1018.218750,0.515625
1018.718750,0.500000
1019.250000,0.531250
1019.750000,0.500000
1020.296875,0.546875
1020.812500,0.515625
1021.343750,0.531250
1021.875000,0.531250
1022.406250,0.531250
1022.906250,0.500000
1036.890625,0.531250
1037.437500,0.546875
1037.984375,0.546875
1038.531250,0.546875
1039.046875,0.515625
1039.593750,0.546875
1040.125000,0.531250
1040.687500,0.562500
1041.218750,0.531250
1041.765625,0.546875
1042.328125,0.562500
1045.437500,0.500000
1045.968750,0.531250
1046.468750,0.500000
1046.968750,0.500000
1047.484375,0.515625
1048.000000,0.515625
1048.500000,0.500000
1049.015625,0.515625
1049.515625,0.500000
1050.062500,0.546875
1050.593750,0.531250
1051.062500,0.468750
1051.593750,0.531250
1116.390625,0.484375
1116.812500,0.421875
1117.265625,0.453125
1117.734375,0.468750
1118.171875,0.437500
1313.359375,0.453125
1313.796875,0.437500
1314.250000,0.453125
1348.359375,0.484375
1348.890625,0.531250
1349.390625,0.500000
1352.312500,0.484375
1352.796875,0.484375
1353.281250,0.484375
1353.781250,0.500000
1354.281250,0.500000
1354.796875,0.515625
1355.281250,0.484375
1355.781250,0.500000
1356.296875,0.515625
1356.828125,0.531250
1357.343750,0.515625
1357.828125,0.484375
1358.328125,0.500000
1358.843750,0.515625
1359.343750,0.500000
1359.828125,0.484375
1360.328125,0.500000
1360.843750,0.515625
1361.343750,0.500000
1361.843750,0.500000
1362.343750,0.500000
1362.859375,0.515625
1363.390625,0.531250
1363.937500,0.546875
1364.468750,0.531250
1365.000000,0.531250
1365.515625,0.515625
1366.046875,0.531250
1366.562500,0.515625
1367.062500,0.500000
1367.562500,0.500000
1368.093750,0.531250
1368.609375,0.515625
1369.125000,0.515625
1369.625000,0.500000
1370.125000,0.500000
1889.765625,0.484375
1890.234375,0.468750
1890.687500,0.453125
1891.171875,0.484375
1891.625000,0.453125
2024.953125,0.578125
2025.500000,0.546875
2065.718750,0.578125
2066.265625,0.546875
2066.796875,0.531250
2067.312500,0.515625
2067.843750,0.531250
2068.359375,0.515625
2068.890625,0.531250
2069.421875,0.531250
2069.937500,0.515625
2070.468750,0.531250
2070.968750,0.500000
2071.500000,0.531250
2072.031250,0.531250
2072.546875,0.515625
2073.078125,0.531250
2385.234375,0.406250
2385.781250,0.546875
2386.281250,0.500000
2386.781250,0.500000
2387.296875,0.515625
2387.781250,0.484375
2398.484375,0.562500
2403.640625,0.500000
2404.156250,0.515625
2404.671875,0.515625
2405.156250,0.484375
2409.859375,0.531250
2410.406250,0.546875
2410.921875,0.515625
2411.453125,0.531250
2411.984375,0.531250
2412.515625,0.531250
2413.031250,0.515625
2413.562500,0.531250
2414.093750,0.531250
2414.593750,0.500000
2415.109375,0.515625
2415.640625,0.531250
2416.156250,0.515625
2416.656250,0.500000
2417.171875,0.515625
2417.703125,0.531250
2418.218750,0.515625
2418.734375,0.515625
2419.265625,0.531250
2419.796875,0.531250
2420.328125,0.531250
2420.859375,0.531250
2421.390625,0.531250
2421.921875,0.531250
2422.453125,0.531250
2423.000000,0.546875
2423.500000,0.500000
2424.031250,0.531250
2424.562500,0.531250
2425.093750,0.531250
2425.625000,0.531250
2426.156250,0.531250
2426.671875,0.515625
2427.187500,0.515625
2427.734375,0.546875
2428.265625,0.531250
2428.812500,0.546875
2429.390625,0.578125
2498.843750,0.515625
2499.328125,0.484375
2499.859375,0.531250
2500.375000,0.515625
2500.937500,0.562500
2501.484375,0.546875
2502.000000,0.515625
2502.562500,0.562500
2548.953125,0.500000
2549.515625,0.562500
2599.906250,0.500000
2600.406250,0.500000
2600.890625,0.484375
2601.421875,0.531250
2601.937500,0.515625
2839.968750,0.500000
2840.453125,0.484375
2840.953125,0.500000
2841.468750,0.515625
2841.984375,0.515625
2842.484375,0.500000
2842.984375,0.500000
2843.500000,0.515625
2843.984375,0.484375
2844.515625,0.531250
2845.015625,0.500000
2845.515625,0.500000
2846.015625,0.500000
2846.546875,0.531250
2847.046875,0.500000
2847.562500,0.515625
2848.093750,0.531250
2848.609375,0.515625
2849.140625,0.531250
2849.671875,0.531250
2850.203125,0.531250
2850.750000,0.546875
2851.296875,0.546875
2851.843750,0.546875
2852.390625,0.546875
2852.937500,0.546875
2882.609375,0.531250
3052.156250,0.484375
3052.687500,0.531250
3112.968750,0.437500
3113.406250,0.437500
3190.500000,0.515625
3190.984375,0.484375
3209.875000,0.515625
3223.218750,0.562500
3223.765625,0.546875
3224.296875,0.531250
3224.828125,0.531250
3225.390625,0.562500
3247.796875,0.515625
3248.296875,0.500000
3248.828125,0.531250
3249.328125,0.500000
3249.828125,0.500000
3250.328125,0.500000
3250.828125,0.500000
3325.781250,0.437500
3326.250000,0.468750
3328.421875,0.437500
3735.328125,0.531250
3735.875000,0.546875
3736.406250,0.531250
3736.968750,0.562500
3737.515625,0.546875
3738.062500,0.546875
3738.609375,0.546875
3739.171875,0.562500
3739.718750,0.546875
3740.281250,0.562500
3740.843750,0.562500
3741.390625,0.546875
3741.921875,0.531250
3745.187500,0.546875
3745.734375,0.546875
3746.281250,0.546875
3746.843750,0.562500
3870.078125,0.531250
3907.531250,0.531250
3908.062500,0.531250
3908.609375,0.546875
3909.156250,0.546875
3919.546875,0.531250
3920.093750,0.546875
3920.640625,0.546875
3921.156250,0.515625
3921.671875,0.515625
4047.328125,0.546875
4047.890625,0.562500
4048.421875,0.531250
4048.968750,0.546875
4049.500000,0.531250
4050.031250,0.531250
4050.578125,0.546875
4051.109375,0.531250
4051.609375,0.500000
4052.125000,0.515625
4052.656250,0.531250
4053.187500,0.531250
4053.718750,0.531250
4054.234375,0.515625
4054.750000,0.515625
4055.296875,0.546875
4060.640625,0.531250
4086.718750,0.515625
4087.218750,0.500000
4087.734375,0.515625
4088.265625,0.531250
4088.781250,0.515625
4089.343750,0.562500
4089.859375,0.515625
4090.390625,0.531250
4090.906250,0.515625
4091.437500,0.531250
4091.984375,0.546875
4092.515625,0.531250
4093.046875,0.531250
4093.578125,0.531250
4094.125000,0.546875
4161.500000,0.546875
4196.859375,0.531250
4197.375000,0.515625
4197.906250,0.531250
4198.453125,0.546875
4198.968750,0.515625
4199.484375,0.515625
4200.015625,0.531250
4200.531250,0.515625
4201.078125,0.546875
4201.593750,0.515625
4202.109375,0.515625
4202.625000,0.515625
4203.171875,0.546875
4203.687500,0.515625
4204.234375,0.546875
4204.750000,0.515625
4205.234375,0.484375
4205.781250,0.546875
4206.328125,0.546875
4206.859375,0.531250
4209.531250,0.546875
4210.062500,0.531250
4210.593750,0.531250
4211.109375,0.515625
4216.296875,0.515625
4216.750000,0.453125
4217.312500,0.562500
4322.359375,0.546875
4322.906250,0.546875
4323.468750,0.562500
4324.031250,0.562500
4324.578125,0.546875
4325.125000,0.546875
4325.687500,0.562500
4326.250000,0.562500
4326.796875,0.546875
4327.343750,0.546875
4327.906250,0.562500
4328.453125,0.546875
4329.000000,0.546875
4329.546875,0.546875
4330.093750,0.546875
4330.656250,0.562500
4331.203125,0.546875
4331.750000,0.546875
4332.296875,0.546875
4332.875000,0.578125
4333.437500,0.562500
4334.000000,0.562500
4334.578125,0.578125
4335.171875,0.593750
4335.750000,0.578125
4336.312500,0.562500
4336.859375,0.546875
4337.468750,0.609375
4338.031250,0.562500
4338.578125,0.546875
4339.109375,0.531250
4339.687500,0.578125
4340.250000,0.562500
4340.796875,0.546875
4341.328125,0.531250
4341.875000,0.546875
4342.421875,0.546875
4342.968750,0.546875
4343.500000,0.531250
4344.046875,0.546875
4344.609375,0.562500
4345.156250,0.546875
4345.687500,0.531250
4346.250000,0.562500
4346.796875,0.546875
4347.343750,0.546875
4347.890625,0.546875
4348.437500,0.546875
4348.968750,0.531250
4349.500000,0.531250
4350.031250,0.531250
4350.578125,0.546875
4351.093750,0.515625
4351.625000,0.531250
4352.156250,0.531250
4352.687500,0.531250
4353.203125,0.515625
4353.750000,0.546875
4354.281250,0.531250
4354.812500,0.531250
4431.984375,0.640625
4432.578125,0.593750
4436.656250,0.578125
4437.234375,0.578125
4437.812500,0.578125
4438.390625,0.578125
4438.953125,0.562500
4439.531250,0.578125
4443.718750,0.593750
4444.312500,0.593750
4444.906250,0.593750
